0 0.57608 0.220493 1 0 0 
-0.57608 0 0.0498577 0 1 0 
-0.220493 -0.0498577 0 0 0 1 
0 0.576282 0.219541 1 0 0 
-0.576282 0 0.0504296 0 1 0 
-0.219541 -0.0504296 0 0 0 1 
0 0.575558 0.218179 1 0 0 
-0.575558 0 0.050768 0 1 0 
-0.218179 -0.050768 0 0 0 1 
0 0.578908 0.218324 1 0 0 
-0.578908 0 0.0516558 0 1 0 
-0.218324 -0.0516558 0 0 0 1 
0 0.579796 0.21752 1 0 0 
-0.579796 0 0.0521571 0 1 0 
-0.21752 -0.0521571 0 0 0 1 
0 0.582154 0.217221 1 0 0 
-0.582154 0 0.0528084 0 1 0 
-0.217221 -0.0528084 0 0 0 1 
0 0.58364 0.216617 1 0 0 
-0.58364 0 0.0533729 0 1 0 
-0.216617 -0.0533729 0 0 0 1 
0 0.584499 0.215795 1 0 0 
-0.584499 0 0.0538743 0 1 0 
-0.215795 -0.0538743 0 0 0 1 
0 0.589029 0.21631 1 0 0 
-0.589029 0 0.0548986 0 1 0 
-0.21631 -0.0548986 0 0 0 1 
0 0.588585 0.215037 1 0 0 
-0.588585 0 0.0552678 0 1 0 
-0.215037 -0.0552678 0 0 0 1 
0 0.588294 0.213817 1 0 0 
-0.588294 0 0.0556522 0 1 0 
-0.213817 -0.0556522 0 0 0 1 
0 0.58825 0.212683 1 0 0 
-0.58825 0 0.0560618 0 1 0 
-0.212683 -0.0560618 0 0 0 1 
0 0.588437 0.211626 1 0 0 
-0.588437 0 0.0564955 0 1 0 
-0.211626 -0.0564955 0 0 0 1 
0 0.590903 0.211419 1 0 0 
-0.590903 0 0.0573144 0 1 0 
-0.211419 -0.0573144 0 0 0 1 
0 0.590982 0.210324 1 0 0 
-0.590982 0 0.0577376 0 1 0 
-0.210324 -0.0577376 0 0 0 1 
0 0.591144 0.209257 1 0 0 
-0.591144 0 0.0581695 0 1 0 
-0.209257 -0.0581695 0 0 0 1 
0 0.591412 0.208225 1 0 0 
-0.591412 0 0.0586127 0 1 0 
-0.208225 -0.0586127 0 0 0 1 
0 0.591785 0.207228 1 0 0 
-0.591785 0 0.0590673 0 1 0 
-0.207228 -0.0590673 0 0 0 1 
0 0.592246 0.20626 1 0 0 
-0.592246 0 0.0595315 0 1 0 
-0.20626 -0.0595315 0 0 0 1 
0 0.593035 0.205397 1 0 0 
-0.593035 0 0.0600319 0 1 0 
-0.205397 -0.0600319 0 0 0 1 
0 0.590974 0.203523 1 0 0 
-0.590974 0 0.0600759 0 1 0 
-0.203523 -0.0600759 0 0 0 1 
0 0.591499 0.202577 1 0 0 
-0.591499 0 0.0605465 0 1 0 
-0.202577 -0.0605465 0 0 0 1 
0 0.591986 0.201618 1 0 0 
-0.591986 0 0.0610133 0 1 0 
-0.201618 -0.0610133 0 0 0 1 
0 0.592267 0.200592 1 0 0 
-0.592267 0 0.0614572 0 1 0 
-0.200592 -0.0614572 0 0 0 1 
0 0.590121 0.198709 1 0 0 
-0.590121 0 0.0614864 0 1 0 
-0.198709 -0.0614864 0 0 0 1 
0 0.590576 0.197742 1 0 0 
-0.590576 0 0.0619485 0 1 0 
-0.197742 -0.0619485 0 0 0 1 
0 0.590875 0.196725 1 0 0 
-0.590875 0 0.0623933 0 1 0 
-0.196725 -0.0623933 0 0 0 1 
0 0.588049 0.194643 1 0 0 
-0.588049 0 0.0623412 0 1 0 
-0.194643 -0.0623412 0 0 0 1 
0 0.589005 0.193836 1 0 0 
-0.589005 0 0.0628589 0 1 0 
-0.193836 -0.0628589 0 0 0 1 
0 0.586898 0.19199 1 0 0 
-0.586898 0 0.0628852 0 1 0 
-0.19199 -0.0628852 0 0 0 1 
0 0.586147 0.19057 1 0 0 
-0.586147 0 0.0630653 0 1 0 
-0.19057 -0.0630653 0 0 0 1 
0 0.586089 0.189365 1 0 0 
-0.586089 0 0.063324 0 1 0 
-0.189365 -0.063324 0 0 0 1 
0 0.587322 0.188557 1 0 0 
-0.587322 0 0.0637313 0 1 0 
-0.188557 -0.0637313 0 0 0 1 
0 0.587354 0.187294 1 0 0 
-0.587354 0 0.0638588 0 1 0 
-0.187294 -0.0638588 0 0 0 1 
0 0.559928 0.17782 1 0 0 
-0.559928 0 0.0609503 0 1 0 
-0.17782 -0.0609503 0 0 0 1 
0 0.560911 0.177056 1 0 0 
-0.560911 0 0.0614568 0 1 0 
-0.177056 -0.0614568 0 0 0 1 
0 0.557913 0.175017 1 0 0 
-0.557913 0 0.0613629 0 1 0 
-0.175017 -0.0613629 0 0 0 1 
0 0.553393 0.172534 1 0 0 
-0.553393 0 0.0610888 0 1 0 
-0.172534 -0.0610888 0 0 0 1 
0 0.555225 0.17203 1 0 0 
-0.555225 0 0.061692 0 1 0 
-0.17203 -0.061692 0 0 0 1 
0 0.554359 0.170561 1 0 0 
-0.554359 0 0.0617077 0 1 0 
-0.170561 -0.0617077 0 0 0 1 
0 0.55491 0.169567 1 0 0 
-0.55491 0 0.0616795 0 1 0 
-0.169567 -0.0616795 0 0 0 1 
0 0.556393 0.168597 1 0 0 
-0.556393 0 0.0613537 0 1 0 
-0.168597 -0.0613537 0 0 0 1 
0 0.558592 0.168383 1 0 0 
-0.558592 0 0.0608089 0 1 0 
-0.168383 -0.0608089 0 0 0 1 
0 0.559693 0.168124 1 0 0 
-0.559693 0 0.0599834 0 1 0 
-0.168124 -0.0599834 0 0 0 1 
0 0.563042 0.168513 1 0 0 
-0.563042 0 0.0594099 0 1 0 
-0.168513 -0.0594099 0 0 0 1 
0 0.566764 0.168863 1 0 0 
-0.566764 0 0.0589463 0 1 0 
-0.168863 -0.0589463 0 0 0 1 
0 0.567971 0.168348 1 0 0 
-0.567971 0 0.058272 0 1 0 
-0.168348 -0.058272 0 0 0 1 
0 0.570703 0.167984 1 0 0 
-0.570703 0 0.0579162 0 1 0 
-0.167984 -0.0579162 0 0 0 1 
0 0.570742 0.16699 1 0 0 
-0.570742 0 0.0571857 0 1 0 
-0.16699 -0.0571857 0 0 0 1 
0 0.571486 0.166056 1 0 0 
-0.571486 0 0.0566085 0 1 0 
-0.166056 -0.0566085 0 0 0 1 
0 0.573011 0.1652 1 0 0 
-0.573011 0 0.0561912 0 1 0 
-0.1652 -0.0561912 0 0 0 1 
0 0.573233 0.164117 1 0 0 
-0.573233 0 0.0555564 0 1 0 
-0.164117 -0.0555564 0 0 0 1 
0 0.575198 0.163377 1 0 0 
-0.575198 0 0.055183 0 1 0 
-0.163377 -0.055183 0 0 0 1 
0 0.575465 0.162304 1 0 0 
-0.575465 0 0.0545519 0 1 0 
-0.162304 -0.0545519 0 0 0 1 
0 0.576218 0.161365 1 0 0 
-0.576218 0 0.0539714 0 1 0 
-0.161365 -0.0539714 0 0 0 1 
0 0.575978 0.160294 1 0 0 
-0.575978 0 0.0532109 0 1 0 
-0.160294 -0.0532109 0 0 0 1 
0 0.578055 0.159713 1 0 0 
-0.578055 0 0.0527652 0 1 0 
-0.159713 -0.0527652 0 0 0 1 
0 0.578503 0.158829 1 0 0 
-0.578503 0 0.0520743 0 1 0 
-0.158829 -0.0520743 0 0 0 1 
0 0.578376 0.157929 1 0 0 
-0.578376 0 0.0512482 0 1 0 
-0.157929 -0.0512482 0 0 0 1 
0 0.580771 0.157564 1 0 0 
-0.580771 0 0.0507502 0 1 0 
-0.157564 -0.0507502 0 0 0 1 
0 0.580229 0.156694 1 0 0 
-0.580229 0 0.049805 0 1 0 
-0.156694 -0.049805 0 0 0 1 
0 0.580824 0.156126 1 0 0 
-0.580824 0 0.0489717 0 1 0 
-0.156126 -0.0489717 0 0 0 1 
0 0.58057 0.155474 1 0 0 
-0.58057 0 0.0479789 0 1 0 
-0.155474 -0.0479789 0 0 0 1 
0 0.581294 0.155081 1 0 0 
-0.581294 0 0.0470794 0 1 0 
-0.155081 -0.0470794 0 0 0 1 
0 0.581301 0.154638 1 0 0 
-0.581301 0 0.0460343 0 1 0 
-0.154638 -0.0460343 0 0 0 1 
0 0.581793 0.154323 1 0 0 
-0.581793 0 0.045034 0 1 0 
-0.154323 -0.045034 0 0 0 1 
0 0.58174 0.154005 1 0 0 
-0.58174 0 0.043906 0 1 0 
-0.154005 -0.043906 0 0 0 1 
0 0.581909 0.153746 1 0 0 
-0.581909 0 0.0427982 0 1 0 
-0.153746 -0.0427982 0 0 0 1 
0 0.580467 0.153205 1 0 0 
-0.580467 0 0.0414722 0 1 0 
-0.153205 -0.0414722 0 0 0 1 
0 0.581238 0.153103 1 0 0 
-0.581238 0 0.040418 0 1 0 
-0.153103 -0.040418 0 0 0 1 
0 0.582043 0.15301 1 0 0 
-0.582043 0 0.0393649 0 1 0 
-0.15301 -0.0393649 0 0 0 1 
0 0.57958 0.152204 1 0 0 
-0.57958 0 0.037962 0 1 0 
-0.152204 -0.037962 0 0 0 1 
0 0.58026 0.152079 1 0 0 
-0.58026 0 0.0368995 0 1 0 
-0.152079 -0.0368995 0 0 0 1 
0 0.579145 0.151625 1 0 0 
-0.579145 0 0.0356147 0 1 0 
-0.151625 -0.0356147 0 0 0 1 
0 0.580932 0.151788 1 0 0 
-0.580932 0 0.0346379 0 1 0 
-0.151788 -0.0346379 0 0 0 1 
0 0.581413 0.151749 1 0 0 
-0.581413 0 0.0334781 0 1 0 
-0.151749 -0.0334781 0 0 0 1 
0 0.581736 0.15181 1 0 0 
-0.581736 0 0.0322271 0 1 0 
-0.15181 -0.0322271 0 0 0 1 
0 0.58188 0.151965 1 0 0 
-0.58188 0 0.0308839 0 1 0 
-0.151965 -0.0308839 0 0 0 1 
0 0.583115 0.152543 1 0 0 
-0.583115 0 0.0295395 0 1 0 
-0.152543 -0.0295395 0 0 0 1 
0 0.583031 0.153085 1 0 0 
-0.583031 0 0.0282959 0 1 0 
-0.153085 -0.0282959 0 0 0 1 
0 0.58475 0.154183 1 0 0 
-0.58475 0 0.0273124 0 1 0 
-0.154183 -0.0273124 0 0 0 1 
0 0.582616 0.154524 1 0 0 
-0.582616 0 0.0264797 0 1 0 
-0.154524 -0.0264797 0 0 0 1 
0 0.582963 0.155514 1 0 0 
-0.582963 0 0.0258146 0 1 0 
-0.155514 -0.0258146 0 0 0 1 
0 0.583126 0.156542 1 0 0 
-0.583126 0 0.0252743 0 1 0 
-0.156542 -0.0252743 0 0 0 1 
0 0.584071 0.157862 1 0 0 
-0.584071 0 0.0249218 0 1 0 
-0.157862 -0.0249218 0 0 0 1 
0 0.582549 0.158692 1 0 0 
-0.582549 0 0.0246844 0 1 0 
-0.158692 -0.0246844 0 0 0 1 
0 0.583366 0.16015 1 0 0 
-0.583366 0 0.0245984 0 1 0 
-0.16015 -0.0245984 0 0 0 1 
0 0.595806 0.164681 1 0 0 
-0.595806 0 0.0251209 0 1 0 
-0.164681 -0.0251209 0 0 0 1 
0 0.597841 0.165726 1 0 0 
-0.597841 0 0.0238451 0 1 0 
-0.165726 -0.0238451 0 0 0 1 
0 0.599296 0.166385 1 0 0 
-0.599296 0 0.0224666 0 1 0 
-0.166385 -0.0224666 0 0 0 1 
0 0.599177 0.166761 1 0 0 
-0.599177 0 0.0209095 0 1 0 
-0.166761 -0.0209095 0 0 0 1 
0 0.600055 0.167264 1 0 0 
-0.600055 0 0.0194901 0 1 0 
-0.167264 -0.0194901 0 0 0 1 
0 0.599149 0.16751 1 0 0 
-0.599149 0 0.0180291 0 1 0 
-0.16751 -0.0180291 0 0 0 1 
0 0.600232 0.168071 1 0 0 
-0.600232 0 0.0166172 0 1 0 
-0.168071 -0.0166172 0 0 0 1 
0 0.600563 0.16857 1 0 0 
-0.600563 0 0.0150814 0 1 0 
-0.16857 -0.0150814 0 0 0 1 
0 0.600945 0.169084 1 0 0 
-0.600945 0 0.0135467 0 1 0 
-0.169084 -0.0135467 0 0 0 1 
0 0.601033 0.169517 1 0 0 
-0.601033 0 0.0119966 0 1 0 
-0.169517 -0.0119966 0 0 0 1 
0 0.600581 0.169801 1 0 0 
-0.600581 0 0.0104215 0 1 0 
-0.169801 -0.0104215 0 0 0 1 
0 0.601052 0.170196 1 0 0 
-0.601052 0 0.00896941 0 1 0 
-0.170196 -0.00896941 0 0 0 1 
0 0.600305 0.170254 1 0 0 
-0.600305 0 0.00746529 0 1 0 
-0.170254 -0.00746529 0 0 0 1 
0 0.599629 0.170186 1 0 0 
-0.599629 0 0.0060483 0 1 0 
-0.170186 -0.0060483 0 0 0 1 
0 0.583099 0.165157 1 0 0 
-0.583099 0 0.00435551 0 1 0 
-0.165157 -0.00435551 0 0 0 1 
0 0.583154 0.164583 1 0 0 
-0.583154 0 0.00339809 0 1 0 
-0.164583 -0.00339809 0 0 0 1 
0 0.58308 0.164115 1 0 0 
-0.58308 0 0.00235648 0 1 0 
-0.164115 -0.00235648 0 0 0 1 
0 0.583903 0.163893 1 0 0 
-0.583903 0 0.0013462 0 1 0 
-0.163893 -0.0013462 0 0 0 1 
0 0.584221 0.163674 1 0 0 
-0.584221 0 0.000237487 0 1 0 
-0.163674 -0.000237487 0 0 0 1 
0 0.584252 0.163517 1 0 0 
-0.584252 0 -0.000960929 0 1 0 
-0.163517 0.000960929 0 0 0 1 
0 0.584821 0.163507 1 0 0 
-0.584821 0 -0.00214322 0 1 0 
-0.163507 0.00214322 0 0 0 1 
0 0.585898 0.163636 1 0 0 
-0.585898 0 -0.00331272 0 1 0 
-0.163636 0.00331272 0 0 0 1 
0 0.588369 0.164004 1 0 0 
-0.588369 0 -0.00436771 0 1 0 
-0.164004 0.00436771 0 0 0 1 
0 0.588167 0.163783 1 0 0 
-0.588167 0 -0.00557728 0 1 0 
-0.163783 0.00557728 0 0 0 1 
0 0.594039 0.164932 1 0 0 
-0.594039 0 -0.00648089 0 1 0 
-0.164932 0.00648089 0 0 0 1 
0 0.593426 0.164455 1 0 0 
-0.593426 0 -0.00762567 0 1 0 
-0.164455 0.00762567 0 0 0 1 
0 0.589832 0.163312 1 0 0 
-0.589832 0 -0.00891103 0 1 0 
-0.163312 0.00891103 0 0 0 1 
0 0.589892 0.16302 1 0 0 
-0.589892 0 -0.0100342 0 1 0 
-0.16302 0.0100342 0 0 0 1 
0 0.590801 0.162958 1 0 0 
-0.590801 0 -0.0111421 0 1 0 
-0.162958 0.0111421 0 0 0 1 
0 0.58905 0.162318 1 0 0 
-0.58905 0 -0.0123765 0 1 0 
-0.162318 0.0123765 0 0 0 1 
0 0.58945 0.16226 1 0 0 
-0.58945 0 -0.0135738 0 1 0 
-0.16226 0.0135738 0 0 0 1 
0 0.588803 0.162203 1 0 0 
-0.588803 0 -0.0149479 0 1 0 
-0.162203 0.0149479 0 0 0 1 
0 0.590851 0.162875 1 0 0 
-0.590851 0 -0.0162901 0 1 0 
-0.162875 0.0162901 0 0 0 1 
0 0.591593 0.163479 1 0 0 
-0.591593 0 -0.0178146 0 1 0 
-0.163479 0.0178146 0 0 0 1 
0 0.59279 0.164292 1 0 0 
-0.59279 0 -0.0192015 0 1 0 
-0.164292 0.0192015 0 0 0 1 
0 0.59362 0.165091 1 0 0 
-0.59362 0 -0.0204574 0 1 0 
-0.165091 0.0204574 0 0 0 1 
0 0.593387 0.165686 1 0 0 
-0.593387 0 -0.0215829 0 1 0 
-0.165686 0.0215829 0 0 0 1 
0 0.593016 0.166329 1 0 0 
-0.593016 0 -0.022571 0 1 0 
-0.166329 0.022571 0 0 0 1 
0 0.593666 0.167252 1 0 0 
-0.593666 0 -0.0235569 0 1 0 
-0.167252 0.0235569 0 0 0 1 
0 0.593386 0.168005 1 0 0 
-0.593386 0 -0.0244077 0 1 0 
-0.168005 0.0244077 0 0 0 1 
0 0.594699 0.169199 1 0 0 
-0.594699 0 -0.0252592 0 1 0 
-0.169199 0.0252592 0 0 0 1 
0 0.594522 0.170068 1 0 0 
-0.594522 0 -0.0259738 0 1 0 
-0.170068 0.0259738 0 0 0 1 
0 0.593385 0.170753 1 0 0 
-0.593385 0 -0.0265484 0 1 0 
-0.170753 0.0265484 0 0 0 1 
0 0.593039 0.171658 1 0 0 
-0.593039 0 -0.0271242 0 1 0 
-0.171658 0.0271242 0 0 0 1 
0 0.59313 0.172687 1 0 0 
-0.59313 0 -0.0277015 0 1 0 
-0.172687 0.0277015 0 0 0 1 
0 0.592374 0.173561 1 0 0 
-0.592374 0 -0.0281379 0 1 0 
-0.173561 0.0281379 0 0 0 1 
0 0.592028 0.174551 1 0 0 
-0.592028 0 -0.0285759 0 1 0 
-0.174551 0.0285759 0 0 0 1 
0 0.592371 0.175739 1 0 0 
-0.592371 0 -0.0290175 0 1 0 
-0.175739 0.0290175 0 0 0 1 
0 0.591576 0.176686 1 0 0 
-0.591576 0 -0.0293155 0 1 0 
-0.176686 0.0293155 0 0 0 1 
0 0.591368 0.177802 1 0 0 
-0.591368 0 -0.0296168 0 1 0 
-0.177802 0.0296168 0 0 0 1 
0 0.591042 0.178969 1 0 0 
-0.591042 0 -0.02978 0 1 0 
-0.178969 0.02978 0 0 0 1 
0 0.59004 0.180024 1 0 0 
-0.59004 0 -0.0298013 0 1 0 
-0.180024 0.0298013 0 0 0 1 
0 0.590024 0.181368 1 0 0 
-0.590024 0 -0.029829 0 1 0 
-0.181368 0.029829 0 0 0 1 
0 0.589055 0.182601 1 0 0 
-0.589055 0 -0.0295758 0 1 0 
-0.182601 0.0295758 0 0 0 1 
0 0.589505 0.184343 1 0 0 
-0.589505 0 -0.0291938 0 1 0 
-0.184343 0.0291938 0 0 0 1 
0 0.588594 0.185391 1 0 0 
-0.588594 0 -0.0286389 0 1 0 
-0.185391 0.0286389 0 0 0 1 
0 0.587981 0.186383 1 0 0 
-0.587981 0 -0.0280037 0 1 0 
-0.186383 0.0280037 0 0 0 1 
0 0.586868 0.187079 1 0 0 
-0.586868 0 -0.0272849 0 1 0 
-0.187079 0.0272849 0 0 0 1 
0 0.585518 0.187557 1 0 0 
-0.585518 0 -0.0264849 0 1 0 
-0.187557 0.0264849 0 0 0 1 
0 0.586423 0.188867 1 0 0 
-0.586423 0 -0.0257721 0 1 0 
-0.188867 0.0257721 0 0 0 1 
0 0.586227 0.189697 1 0 0 
-0.586227 0 -0.0249743 0 1 0 
-0.189697 0.0249743 0 0 0 1 
0 0.58471 0.189976 1 0 0 
-0.58471 0 -0.0240954 0 1 0 
-0.189976 0.0240954 0 0 0 1 
0 0.584553 0.190673 1 0 0 
-0.584553 0 -0.0232167 0 1 0 
-0.190673 0.0232167 0 0 0 1 
0 0.584569 0.191424 1 0 0 
-0.584569 0 -0.0223372 0 1 0 
-0.191424 0.0223372 0 0 0 1 
0 0.585127 0.192344 1 0 0 
-0.585127 0 -0.0214547 0 1 0 
-0.192344 0.0214547 0 0 0 1 
0 0.584632 0.192793 1 0 0 
-0.584632 0 -0.0204943 0 1 0 
-0.192793 0.0204943 0 0 0 1 
0 0.584814 0.193453 1 0 0 
-0.584814 0 -0.0195299 0 1 0 
-0.193453 0.0195299 0 0 0 1 
0 0.585986 0.194425 1 0 0 
-0.585986 0 -0.0185564 0 1 0 
-0.194425 0.0185564 0 0 0 1 
0 0.584954 0.194561 1 0 0 
-0.584954 0 -0.0175183 0 1 0 
-0.194561 0.0175183 0 0 0 1 
0 0.584425 0.194854 1 0 0 
-0.584425 0 -0.016477 0 1 0 
-0.194854 0.016477 0 0 0 1 
0 0.586029 0.195965 1 0 0 
-0.586029 0 -0.0154926 0 1 0 
-0.195965 0.0154926 0 0 0 1 
0 0.585465 0.196248 1 0 0 
-0.585465 0 -0.0144508 0 1 0 
-0.196248 0.0144508 0 0 0 1 
0 0.585058 0.19658 1 0 0 
-0.585058 0 -0.0134077 0 1 0 
-0.19658 0.0134077 0 0 0 1 
0 0.586313 0.197585 1 0 0 
-0.586313 0 -0.0124201 0 1 0 
-0.197585 0.0124201 0 0 0 1 
0 0.587119 0.198449 1 0 0 
-0.587119 0 -0.0114366 0 1 0 
-0.198449 0.0114366 0 0 0 1 
0 0.586678 0.198916 1 0 0 
-0.586678 0 -0.0104738 0 1 0 
-0.198916 0.0104738 0 0 0 1 
0 0.586069 0.199329 1 0 0 
-0.586069 0 -0.00951489 0 1 0 
-0.199329 0.00951489 0 0 0 1 
0 0.587379 0.200648 1 0 0 
-0.587379 0 -0.00868017 0 1 0 
-0.200648 0.00868017 0 0 0 1 
0 0.588155 0.201798 1 0 0 
-0.588155 0 -0.00785387 0 1 0 
-0.201798 0.00785387 0 0 0 1 
0 0.586934 0.202305 1 0 0 
-0.586934 0 -0.00707137 0 1 0 
-0.202305 0.00707137 0 0 0 1 
0 0.586939 0.203354 1 0 0 
-0.586939 0 -0.00634314 0 1 0 
-0.203354 0.00634314 0 0 0 1 
0 0.585886 0.204058 1 0 0 
-0.585886 0 -0.00564068 0 1 0 
-0.204058 0.00564068 0 0 0 1 
0 0.585383 0.205086 1 0 0 
-0.585383 0 -0.00500703 0 1 0 
-0.205086 0.00500703 0 0 0 1 
0 0.585155 0.20635 1 0 0 
-0.585155 0 -0.00444799 0 1 0 
-0.20635 0.00444799 0 0 0 1 
0 0.583893 0.207125 1 0 0 
-0.583893 0 -0.00383537 0 1 0 
-0.207125 0.00383537 0 0 0 1 
0 0.583134 0.208212 1 0 0 
-0.583134 0 -0.00329153 0 1 0 
-0.208212 0.00329153 0 0 0 1 
0 0.582107 0.209207 1 0 0 
-0.582107 0 -0.00275597 0 1 0 
-0.209207 0.00275597 0 0 0 1 
0 0.581026 0.210182 1 0 0 
-0.581026 0 -0.00222295 0 1 0 
-0.210182 0.00222295 0 0 0 1 
0 0.579737 0.211084 1 0 0 
-0.579737 0 -0.00169725 0 1 0 
-0.211084 0.00169725 0 0 0 1 
0 0.57696 0.211477 1 0 0 
-0.57696 0 -0.00121914 0 1 0 
-0.211477 0.00121914 0 0 0 1 
0 0.574046 0.21196 1 0 0 
-0.574046 0 -0.000829549 0 1 0 
-0.21196 0.000829549 0 0 0 1 
0 0.570664 0.212416 1 0 0 
-0.570664 0 -0.000538559 0 1 0 
-0.212416 0.000538559 0 0 0 1 
0 0.568823 0.213306 1 0 0 
-0.568823 0 -0.000337069 0 1 0 
-0.213306 0.000337069 0 0 0 1 
0 0.566623 0.214152 1 0 0 
-0.566623 0 -1.17272e-05 0 1 0 
-0.214152 1.17272e-05 0 0 0 1 
0 0.56545 0.215207 1 0 0 
-0.56545 0 0.00042611 0 1 0 
-0.215207 -0.00042611 0 0 0 1 
0 0.564708 0.216267 1 0 0 
-0.564708 0 0.000957613 0 1 0 
-0.216267 -0.000957613 0 0 0 1 
0 0.564373 0.217326 1 0 0 
-0.564373 0 0.00158265 0 1 0 
-0.217326 -0.00158265 0 0 0 1 
0 0.563931 0.218204 1 0 0 
-0.563931 0 0.0022835 0 1 0 
-0.218204 -0.0022835 0 0 0 1 
0 0.563727 0.219022 1 0 0 
-0.563727 0 0.00307261 0 1 0 
-0.219022 -0.00307261 0 0 0 1 
0 0.563179 0.219575 1 0 0 
-0.563179 0 0.00392824 0 1 0 
-0.219575 -0.00392824 0 0 0 1 
0 0.562889 0.220075 1 0 0 
-0.562889 0 0.00487292 0 1 0 
-0.220075 -0.00487292 0 0 0 1 
0 0.562549 0.220414 1 0 0 
-0.562549 0 0.00589474 0 1 0 
-0.220414 -0.00589474 0 0 0 1 
0 0.563267 0.221132 1 0 0 
-0.563267 0 0.00696127 0 1 0 
-0.221132 -0.00696127 0 0 0 1 
0 0.562987 0.221205 1 0 0 
-0.562987 0 0.00814515 0 1 0 
-0.221205 -0.00814515 0 0 0 1 
0 0.562529 0.22107 1 0 0 
-0.562529 0 0.0093996 0 1 0 
-0.22107 -0.0093996 0 0 0 1 
0 0.562231 0.220993 1 0 0 
-0.562231 0 0.0106603 0 1 0 
-0.220993 -0.0106603 0 0 0 1 
0 0.562097 0.220974 1 0 0 
-0.562097 0 0.0119284 0 1 0 
-0.220974 -0.0119284 0 0 0 1 
0 0.560917 0.22058 1 0 0 
-0.560917 0 0.0131427 0 1 0 
-0.22058 -0.0131427 0 0 0 1 
0 0.560274 0.220665 1 0 0 
-0.560274 0 0.0142239 0 1 0 
-0.220665 -0.0142239 0 0 0 1 
0 0.560135 0.221218 1 0 0 
-0.560135 0 0.0151732 0 1 0 
-0.221218 -0.0151732 0 0 0 1 
0 0.558582 0.22126 1 0 0 
-0.558582 0 0.0160446 0 1 0 
-0.22126 -0.0160446 0 0 0 1 
0 0.557017 0.221295 1 0 0 
-0.557017 0 0.0169118 0 1 0 
-0.221295 -0.0169118 0 0 0 1 
0 0.556466 0.221697 1 0 0 
-0.556466 0 0.0178343 0 1 0 
-0.221697 -0.0178343 0 0 0 1 
0 0.556518 0.222317 1 0 0 
-0.556518 0 0.0187914 0 1 0 
-0.222317 -0.0187914 0 0 0 1 
0 0.563335 0.225244 1 0 0 
-0.563335 0 0.0319217 0 1 0 
-0.225244 -0.0319217 0 0 0 1 
0 0.565796 0.225882 1 0 0 
-0.565796 0 0.0335528 0 1 0 
-0.225882 -0.0335528 0 0 0 1 
0 0.566761 0.225828 1 0 0 
-0.566761 0 0.0351524 0 1 0 
-0.225828 -0.0351524 0 0 0 1 
0 0.567235 0.225509 1 0 0 
-0.567235 0 0.0365763 0 1 0 
-0.225509 -0.0365763 0 0 0 1 
0 0.567958 0.225278 1 0 0 
-0.567958 0 0.0380225 0 1 0 
-0.225278 -0.0380225 0 0 0 1 
0 0.570016 0.22553 1 0 0 
-0.570016 0 0.0395856 0 1 0 
-0.22553 -0.0395856 0 0 0 1 
0 0.570525 0.225132 1 0 0 
-0.570525 0 0.0408806 0 1 0 
-0.225132 -0.0408806 0 0 0 1 
0 0.569895 0.224236 1 0 0 
-0.569895 0 0.0419356 0 1 0 
-0.224236 -0.0419356 0 0 0 1 
0 0.571443 0.224211 1 0 0 
-0.571443 0 0.0433253 0 1 0 
-0.224211 -0.0433253 0 0 0 1 
0 0.573869 0.224499 1 0 0 
-0.573869 0 0.0448007 0 1 0 
-0.224499 -0.0448007 0 0 0 1 
0 0.575244 0.224319 1 0 0 
-0.575244 0 0.0460444 0 1 0 
-0.224319 -0.0460444 0 0 0 1 
0 0.575193 0.223541 1 0 0 
-0.575193 0 0.0470153 0 1 0 
-0.223541 -0.0470153 0 0 0 1 
0 0.574608 0.222485 1 0 0 
-0.574608 0 0.0477934 0 1 0 
-0.222485 -0.0477934 0 0 0 1 
0 0.576219 0.222209 1 0 0 
-0.576219 0 0.0487833 0 1 0 
-0.222209 -0.0487833 0 0 0 1 
0 0.573837 0.220344 1 0 0 
-0.573837 0 0.0491027 0 1 0 
-0.220344 -0.0491027 0 0 0 1 
